cons	==1	16007 (100.0)	405 (100.00)	1561 (100.00)	273 (100.00)	13768 (100.00)

agegroup	==1	3965 (24.8)	97 (23.95)	403 (25.82)	59 (21.61)	3406 (24.74)
agegroup	==2	3520 (22.0)	86 (21.23)	346 (22.17)	75 (27.47)	3013 (21.88)
agegroup	==3	3287 (20.5)	91 (22.47)	315 (20.18)	60 (21.98)	2821 (20.49)
agegroup	==4	3568 (22.3)	83 (20.49)	348 (22.29)	45 (16.48)	3092 (22.46)
agegroup	==5	1667 (10.4)	48 (11.85)	149 (9.55)	34 (12.45)	1436 (10.43)
agegroup	==6	0 (0.0)	0 (0.00)	0 (0.00)	0 (0.00)	0 (0.00)
agegroup	==7	0 (0.0)	0 (0.00)	0 (0.00)	0 (0.00)	0 (0.00)

male	==0	8101 (50.6)	198 (48.89)	781 (50.03)	133 (48.72)	6989 (50.76)
male	==1	7906 (49.4)	207 (51.11)	780 (49.97)	140 (51.28)	6779 (49.24)

bmicat	==1	1444 (9.0)	36 (8.89)	143 (9.16)	18 (6.59)	1247 (9.06)
bmicat	==2	3568 (22.3)	89 (21.98)	359 (23.00)	67 (24.54)	3053 (22.17)
bmicat	==3	2858 (17.9)	57 (14.07)	281 (18.00)	43 (15.75)	2477 (17.99)
bmicat	==4	2221 (13.9)	69 (17.04)	219 (14.03)	35 (12.82)	1898 (13.79)
bmicat	==5	1373 (8.6)	33 (8.15)	130 (8.33)	27 (9.89)	1183 (8.59)
bmicat	==6	872 (5.4)	22 (5.43)	83 (5.32)	17 (6.23)	750 (5.45)
bmicat	>=.	3671 (22.9)	99 (24.44)	346 (22.17)	66 (24.18)	3160 (22.95)

smoke	==1	642 (4.0)	14 (3.46)	53 (3.40)	10 (3.66)	565 (4.10)
smoke	==2	301 (1.9)	7 (1.73)	26 (1.67)	5 (1.83)	263 (1.91)
smoke	==3	1954 (12.2)	43 (10.62)	200 (12.81)	37 (13.55)	1674 (12.16)
smoke	>=.	13110 (81.9)	341 (84.20)	1282 (82.13)	221 (80.95)	11266 (81.83)

ethnicity	==1	12869 (80.4)	328 (80.99)	1241 (79.50)	225 (82.42)	11075 (80.44)
ethnicity	==2	0 (0.0)	0 (0.00)	0 (0.00)	0 (0.00)	0 (0.00)
ethnicity	==3	1556 (9.7)	31 (7.65)	149 (9.55)	18 (6.59)	1358 (9.86)
ethnicity	==4	0 (0.0)	0 (0.00)	0 (0.00)	0 (0.00)	0 (0.00)
ethnicity	==5	1582 (9.9)	46 (11.36)	171 (10.95)	30 (10.99)	1335 (9.70)
ethnicity	>=.	0 (0.0)	0 (0.00)	0 (0.00)	0 (0.00)	0 (0.00)

imd	==1	11158 (69.7)	275 (67.90)	1085 (69.51)	192 (70.33)	9606 (69.77)
imd	==2	0 (0.0)	0 (0.00)	0 (0.00)	0 (0.00)	0 (0.00)
imd	==3	0 (0.0)	0 (0.00)	0 (0.00)	0 (0.00)	0 (0.00)
imd	==4	3243 (20.3)	89 (21.98)	317 (20.31)	56 (20.51)	2781 (20.20)
imd	==5	1606 (10.0)	41 (10.12)	159 (10.19)	25 (9.16)	1381 (10.03)

tot_adults_hh	==1	85 (0.5)	71 (17.53)	9 (0.58)	3 (1.10)	2 (0.01)
tot_adults_hh	==2	114 (0.7)	61 (15.06)	26 (1.67)	21 (7.69)	6 (0.04)
tot_adults_hh	==3	15808 (98.8)	273 (67.41)	1526 (97.76)	249 (91.21)	13760 (99.94)

bpcat	==1	1 (0.0)	0 (0.00)	0 (0.00)	0 (0.00)	1 (0.01)
bpcat	==2	0 (0.0)	0 (0.00)	0 (0.00)	0 (0.00)	0 (0.00)
bpcat	==3	25 (0.2)	2 (0.49)	1 (0.06)	0 (0.00)	22 (0.16)
bpcat	==4	14385 (89.9)	369 (91.11)	1377 (88.21)	247 (90.48)	12392 (90.01)
bpcat	>=.	1596 (10.0)	34 (8.40)	183 (11.72)	26 (9.52)	1353 (9.83)
htdiag_or_highbp	==1	14720 (92.0)	375 (92.59)	1408 (90.20)	254 (93.04)	12683 (92.12)

chronic_respiratory_disease	==1	3187 (19.9)	93 (22.96)	299 (19.15)	62 (22.71)	2733 (19.85)
asthma	==1	1287 (8.0)	39 (9.63)	123 (7.88)	26 (9.52)	1099 (7.98)
chronic_cardiac_disease	==1	3137 (19.6)	74 (18.27)	290 (18.58)	51 (18.68)	2722 (19.77)

diabcat	==1	12359 (77.2)	309 (76.30)	1247 (79.88)	218 (79.85)	10585 (76.88)
diabcat	==2	407 (2.5)	11 (2.72)	45 (2.88)	6 (2.20)	345 (2.51)
diabcat	==3	81 (0.5)	3 (0.74)	4 (0.26)	2 (0.73)	72 (0.52)
diabcat	==4	2605 (16.3)	66 (16.30)	209 (13.39)	36 (13.19)	2294 (16.66)
diabcat	==5	545 (3.4)	16 (3.95)	56 (3.59)	10 (3.66)	463 (3.36)
diabcat	==6	10 (0.1)	0 (0.00)	0 (0.00)	1 (0.37)	9 (0.07)

cancer_haem_cat	==2	55 (0.3)	1 (0.25)	1 (0.06)	0 (0.00)	53 (0.38)
cancer_haem_cat	==3	231 (1.4)	6 (1.48)	24 (1.54)	2 (0.73)	199 (1.45)
cancer_haem_cat	==4	2805 (17.5)	62 (15.31)	269 (17.23)	57 (20.88)	2417 (17.56)

cancer_exhaem_cat	==2	61 (0.4)	1 (0.25)	7 (0.45)	0 (0.00)	53 (0.38)
cancer_exhaem_cat	==3	266 (1.7)	5 (1.23)	31 (1.99)	2 (0.73)	228 (1.66)
cancer_exhaem_cat	==4	2742 (17.1)	59 (14.57)	258 (16.53)	38 (13.92)	2387 (17.34)

reduced_kidney_function_cat	==2	65 (0.4)	0 (0.00)	6 (0.38)	1 (0.37)	58 (0.42)
reduced_kidney_function_cat	==3	0 (0.0)	0 (0.00)	0 (0.00)	0 (0.00)	0 (0.00)
esrd	==1	5826 (36.4)	149 (36.79)	566 (36.26)	101 (37.00)	5010 (36.39)
chronic_liver_disease	==1	3195 (20.0)	72 (17.78)	320 (20.50)	52 (19.05)	2751 (19.98)
stroke_dementia	==1	3175 (19.8)	82 (20.25)	305 (19.54)	55 (20.15)	2733 (19.85)
other_neuro	==1	3190 (19.9)	78 (19.26)	291 (18.64)	37 (13.55)	2784 (20.22)
other_transplant	==1	3176 (19.8)	71 (17.53)	320 (20.50)	54 (19.78)	2731 (19.84)
asplenia	==1	3193 (19.9)	92 (22.72)	298 (19.09)	56 (20.51)	2747 (19.95)
ra_sle_psoriasis	==1	3150 (19.7)	75 (18.52)	310 (19.86)	64 (23.44)	2701 (19.62)
other_immuno	==1	3192 (19.9)	78 (19.26)	291 (18.64)	53 (19.41)	2770 (20.12)
shield	==1	13503 (84.4)	353 (87.16)	1304 (83.54)	237 (86.81)	11609 (84.32)
anycomorb	==1	15347 (95.9)	391 (96.54)	1483 (95.00)	259 (94.87)	13214 (95.98)
