cons	==1	4605 (100.0)	4271 (92.75)	2102 (45.65)	3588 (77.92)	2188 (47.51)	1385 (30.08)	

agegroup	==1	0 (0.0)	0 (   .)	0 (   .)	0 (   .)	0 (   .)	0 (   .)	
agegroup	==2	0 (0.0)	0 (   .)	0 (   .)	0 (   .)	0 (   .)	0 (   .)	
agegroup	==3	0 (0.0)	0 (   .)	0 (   .)	0 (   .)	0 (   .)	0 (   .)	
agegroup	==4	0 (0.0)	0 (   .)	0 (   .)	0 (   .)	0 (   .)	0 (   .)	
agegroup	==5	1105 (24.0)	1030 (93.21)	504 (45.61)	849 (76.83)	538 (48.69)	319 (28.87)	
agegroup	==6	2193 (47.6)	2045 (93.25)	993 (45.28)	1716 (78.25)	1042 (47.51)	665 (30.32)	
agegroup	==7	1307 (28.4)	1196 (91.51)	605 (46.29)	1023 (78.27)	608 (46.52)	401 (30.68)	

male	==0	2355 (51.1)	2175 (92.36)	1094 (46.45)	1844 (78.30)	1118 (47.47)	721 (30.62)	
male	==1	2250 (48.9)	2096 (93.16)	1008 (44.80)	1744 (77.51)	1070 (47.56)	664 (29.51)	

bmicat	==1	456 (9.9)	413 (90.57)	209 (45.83)	365 (80.04)	208 (45.61)	139 (30.48)	
bmicat	==2	1012 (22.0)	958 (94.66)	456 (45.06)	779 (76.98)	486 (48.02)	296 (29.25)	
bmicat	==3	814 (17.7)	752 (92.38)	370 (45.45)	629 (77.27)	384 (47.17)	252 (30.96)	
bmicat	==4	651 (14.1)	601 (92.32)	298 (45.78)	502 (77.11)	313 (48.08)	197 (30.26)	
bmicat	==5	420 (9.1)	387 (92.14)	187 (44.52)	338 (80.48)	190 (45.24)	123 (29.29)	
bmicat	==6	295 (6.4)	273 (92.54)	141 (47.80)	235 (79.66)	148 (50.17)	77 (26.10)	
bmicat	>=.	957 (20.8)	887 (92.69)	441 (46.08)	740 (77.32)	459 (47.96)	301 (31.45)	

smoke	==1	174 (3.8)	160 (91.95)	89 (51.15)	132 (75.86)	91 (52.30)	50 (28.74)	
smoke	==2	101 (2.2)	94 (93.07)	53 (52.48)	86 (85.15)	44 (43.56)	38 (37.62)	
smoke	==3	525 (11.4)	492 (93.71)	236 (44.95)	418 (79.62)	275 (52.38)	145 (27.62)	
smoke	>=.	3805 (82.6)	3525 (92.64)	1724 (45.31)	2952 (77.58)	1778 (46.73)	1152 (30.28)	

ethnicity	==1	3621 (78.6)	3361 (92.82)	1645 (45.43)	2789 (77.02)	1719 (47.47)	1084 (29.94)	
ethnicity	==2	0 (0.0)	0 (   .)	0 (   .)	0 (   .)	0 (   .)	0 (   .)	
ethnicity	==3	493 (10.7)	458 (92.90)	225 (45.64)	396 (80.32)	238 (48.28)	152 (30.83)	
ethnicity	==4	0 (0.0)	0 (   .)	0 (   .)	0 (   .)	0 (   .)	0 (   .)	
ethnicity	==5	491 (10.7)	452 (92.06)	232 (47.25)	403 (82.08)	231 (47.05)	149 (30.35)	
ethnicity	>=.	0 (0.0)	0 (   .)	0 (   .)	0 (   .)	0 (   .)	0 (   .)	

imd	==1	3237 (70.3)	2996 (92.55)	1448 (44.73)	2517 (77.76)	1565 (48.35)	995 (30.74)	
imd	==2	0 (0.0)	0 (   .)	0 (   .)	0 (   .)	0 (   .)	0 (   .)	
imd	==3	0 (0.0)	0 (   .)	0 (   .)	0 (   .)	0 (   .)	0 (   .)	
imd	==4	916 (19.9)	851 (92.90)	453 (49.45)	719 (78.49)	412 (44.98)	257 (28.06)	
imd	==5	452 (9.8)	424 (93.81)	201 (44.47)	352 (77.88)	211 (46.68)	133 (29.42)	

tot_adults_hh	==1	31 (0.7)	30 (96.77)	11 (35.48)	26 (83.87)	18 (58.06)	11 (35.48)	
tot_adults_hh	==2	39 (0.8)	37 (94.87)	16 (41.03)	36 (92.31)	16 (41.03)	13 (33.33)	
tot_adults_hh	==3	4535 (98.5)	4204 (92.70)	2075 (45.76)	3526 (77.75)	2154 (47.50)	1361 (30.01)	

bpcat	==1	1 (0.0)	1 (100.00)	1 (100.00)	0 (0.00)	1 (100.00)	0 (0.00)	
bpcat	==2	0 (0.0)	0 (   .)	0 (   .)	0 (   .)	0 (   .)	0 (   .)	
bpcat	==3	8 (0.2)	8 (100.00)	3 (37.50)	7 (87.50)	5 (62.50)	2 (25.00)	
bpcat	==4	4161 (90.4)	3856 (92.67)	1903 (45.73)	3241 (77.89)	1986 (47.73)	1247 (29.97)	
bpcat	>=.	435 (9.4)	406 (93.33)	195 (44.83)	340 (78.16)	196 (45.06)	136 (31.26)	
htdiag_or_highbp	==1	4244 (92.2)	3933 (92.67)	1943 (45.78)	3306 (77.90)	2024 (47.69)	1278 (30.11)	

chronic_respiratory_disease	==1	933 (20.3)	846 (90.68)	424 (45.44)	719 (77.06)	444 (47.59)	278 (29.80)	
asthma	==1	374 (8.1)	348 (93.05)	164 (43.85)	277 (74.06)	175 (46.79)	103 (27.54)	
chronic_cardiac_disease	==1	913 (19.8)	862 (94.41)	412 (45.13)	714 (78.20)	430 (47.10)	267 (29.24)	

diabcat	==1	3486 (75.7)	3223 (92.46)	1568 (44.98)	2717 (77.94)	1650 (47.33)	1059 (30.38)	
diabcat	==2	99 (2.1)	93 (93.94)	37 (37.37)	76 (76.77)	56 (56.57)	27 (27.27)	
diabcat	==3	30 (0.7)	27 (90.00)	17 (56.67)	24 (80.00)	15 (50.00)	10 (33.33)	
diabcat	==4	814 (17.7)	763 (93.73)	398 (48.89)	634 (77.89)	378 (46.44)	236 (28.99)	
diabcat	==5	172 (3.7)	161 (93.60)	81 (47.09)	133 (77.33)	86 (50.00)	52 (30.23)	
diabcat	==6	4 (0.1)	4 (100.00)	1 (25.00)	4 (100.00)	3 (75.00)	1 (25.00)	

cancer_haem_cat	==2	29 (0.6)	26 (89.66)	16 (55.17)	23 (79.31)	16 (55.17)	9 (31.03)	
cancer_haem_cat	==3	73 (1.6)	68 (93.15)	31 (42.47)	59 (80.82)	33 (45.21)	25 (34.25)	
cancer_haem_cat	==4	832 (18.1)	764 (91.83)	363 (43.63)	632 (75.96)	400 (48.08)	256 (30.77)	

cancer_exhaem_cat	==2	18 (0.4)	15 (83.33)	8 (44.44)	16 (88.89)	11 (61.11)	1 (5.56)	
cancer_exhaem_cat	==3	82 (1.8)	76 (92.68)	45 (54.88)	68 (82.93)	36 (43.90)	28 (34.15)	
cancer_exhaem_cat	==4	854 (18.5)	804 (94.15)	396 (46.37)	656 (76.81)	406 (47.54)	262 (30.68)	

reduced_kidney_function_cat	==2	200 (4.3)	182 (91.00)	90 (45.00)	156 (78.00)	94 (47.00)	59 (29.50)	
reduced_kidney_function_cat	==3	0 (0.0)	0 (   .)	0 (   .)	0 (   .)	0 (   .)	0 (   .)	
esrd	==1	1625 (35.3)	1520 (93.54)	723 (44.49)	1278 (78.65)	797 (49.05)	485 (29.85)	
chronic_liver_disease	==1	895 (19.4)	823 (91.96)	416 (46.48)	688 (76.87)	455 (50.84)	249 (27.82)	
stroke_dementia	==1	910 (19.8)	844 (92.75)	403 (44.29)	693 (76.15)	433 (47.58)	286 (31.43)	
other_neuro	==1	931 (20.2)	870 (93.45)	437 (46.94)	729 (78.30)	453 (48.66)	275 (29.54)	
other_transplant	==1	927 (20.1)	856 (92.34)	431 (46.49)	721 (77.78)	401 (43.26)	303 (32.69)	
asplenia	==1	908 (19.7)	848 (93.39)	410 (45.15)	710 (78.19)	445 (49.01)	267 (29.41)	
ra_sle_psoriasis	==1	932 (20.2)	876 (93.99)	425 (45.60)	713 (76.50)	443 (47.53)	288 (30.90)	
other_immuno	==1	929 (20.2)	866 (93.22)	421 (45.32)	702 (75.57)	451 (48.55)	261 (28.09)	
shield	==1	3897 (84.6)	3616 (92.79)	1768 (45.37)	3030 (77.75)	1866 (47.88)	1172 (30.07)	
