cons	==1	16007 (100.0)	14909 (93.14)	7153 (44.69)	12420 (77.59)	7472 (46.68)	5026 (31.40)	

agegroup	==1	3965 (24.8)	3655 (92.18)	1786 (45.04)	3087 (77.86)	1867 (47.09)	1217 (30.69)	
agegroup	==2	3520 (22.0)	3284 (93.30)	1590 (45.17)	2737 (77.76)	1642 (46.65)	1114 (31.65)	
agegroup	==3	3287 (20.5)	3061 (93.12)	1471 (44.75)	2532 (77.03)	1515 (46.09)	1057 (32.16)	
agegroup	==4	3568 (22.3)	3354 (94.00)	1580 (44.28)	2784 (78.03)	1669 (46.78)	1116 (31.28)	
agegroup	==5	1667 (10.4)	1555 (93.28)	726 (43.55)	1280 (76.78)	779 (46.73)	522 (31.31)	
agegroup	==6	0 (0.0)	0 (   .)	0 (   .)	0 (   .)	0 (   .)	0 (   .)	
agegroup	==7	0 (0.0)	0 (   .)	0 (   .)	0 (   .)	0 (   .)	0 (   .)	

male	==0	8101 (50.6)	7553 (93.24)	3645 (44.99)	6301 (77.78)	3823 (47.19)	2536 (31.30)	
male	==1	7906 (49.4)	7356 (93.04)	3508 (44.37)	6119 (77.40)	3649 (46.15)	2490 (31.50)	

bmicat	==1	1444 (9.0)	1332 (92.24)	635 (43.98)	1126 (77.98)	675 (46.75)	451 (31.23)	
bmicat	==2	3568 (22.3)	3341 (93.64)	1619 (45.38)	2797 (78.39)	1723 (48.29)	1043 (29.23)	
bmicat	==3	2858 (17.9)	2680 (93.77)	1262 (44.16)	2191 (76.66)	1312 (45.91)	903 (31.60)	
bmicat	==4	2221 (13.9)	2055 (92.53)	980 (44.12)	1719 (77.40)	1045 (47.05)	707 (31.83)	
bmicat	==5	1373 (8.6)	1283 (93.45)	614 (44.72)	1029 (74.95)	639 (46.54)	428 (31.17)	
bmicat	==6	872 (5.4)	813 (93.23)	377 (43.23)	677 (77.64)	415 (47.59)	293 (33.60)	
bmicat	>=.	3671 (22.9)	3405 (92.75)	1666 (45.38)	2881 (78.48)	1663 (45.30)	1201 (32.72)	

smoke	==1	642 (4.0)	593 (92.37)	293 (45.64)	510 (79.44)	287 (44.70)	197 (30.69)	
smoke	==2	301 (1.9)	285 (94.68)	155 (51.50)	243 (80.73)	133 (44.19)	86 (28.57)	
smoke	==3	1954 (12.2)	1818 (93.04)	884 (45.24)	1533 (78.45)	924 (47.29)	608 (31.12)	
smoke	>=.	13110 (81.9)	12213 (93.16)	5821 (44.40)	10134 (77.30)	6128 (46.74)	4135 (31.54)	

ethnicity	==1	12869 (80.4)	11984 (93.12)	5768 (44.82)	9968 (77.46)	5989 (46.54)	4046 (31.44)	
ethnicity	==2	0 (0.0)	0 (   .)	0 (   .)	0 (   .)	0 (   .)	0 (   .)	
ethnicity	==3	1556 (9.7)	1449 (93.12)	706 (45.37)	1207 (77.57)	732 (47.04)	485 (31.17)	
ethnicity	==4	0 (0.0)	0 (   .)	0 (   .)	0 (   .)	0 (   .)	0 (   .)	
ethnicity	==5	1582 (9.9)	1476 (93.30)	679 (42.92)	1245 (78.70)	751 (47.47)	495 (31.29)	
ethnicity	>=.	0 (0.0)	0 (   .)	0 (   .)	0 (   .)	0 (   .)	0 (   .)	

imd	==1	11158 (69.7)	10395 (93.16)	4981 (44.64)	8643 (77.46)	5238 (46.94)	3492 (31.30)	
imd	==2	0 (0.0)	0 (   .)	0 (   .)	0 (   .)	0 (   .)	0 (   .)	
imd	==3	0 (0.0)	0 (   .)	0 (   .)	0 (   .)	0 (   .)	0 (   .)	
imd	==4	3243 (20.3)	3023 (93.22)	1457 (44.93)	2535 (78.17)	1503 (46.35)	1030 (31.76)	
imd	==5	1606 (10.0)	1491 (92.84)	715 (44.52)	1242 (77.33)	731 (45.52)	504 (31.38)	

tot_adults_hh	==1	85 (0.5)	77 (90.59)	41 (48.24)	70 (82.35)	38 (44.71)	27 (31.76)	
tot_adults_hh	==2	114 (0.7)	106 (92.98)	43 (37.72)	85 (74.56)	45 (39.47)	39 (34.21)	
tot_adults_hh	==3	15808 (98.8)	14726 (93.16)	7069 (44.72)	12265 (77.59)	7389 (46.74)	4960 (31.38)	

bpcat	==1	1 (0.0)	1 (100.00)	0 (0.00)	1 (100.00)	0 (0.00)	1 (100.00)	
bpcat	==2	0 (0.0)	0 (   .)	0 (   .)	0 (   .)	0 (   .)	0 (   .)	
bpcat	==3	25 (0.2)	23 (92.00)	11 (44.00)	19 (76.00)	10 (40.00)	9 (36.00)	
bpcat	==4	14385 (89.9)	13413 (93.24)	6463 (44.93)	11165 (77.62)	6732 (46.80)	4490 (31.21)	
bpcat	>=.	1596 (10.0)	1472 (92.23)	679 (42.54)	1235 (77.38)	730 (45.74)	526 (32.96)	
htdiag_or_highbp	==1	14720 (92.0)	13723 (93.23)	6620 (44.97)	11418 (77.57)	6882 (46.75)	4601 (31.26)	

chronic_respiratory_disease	==1	3187 (19.9)	2958 (92.81)	1395 (43.77)	2424 (76.06)	1496 (46.94)	1010 (31.69)	
asthma	==1	1287 (8.0)	1191 (92.54)	543 (42.19)	996 (77.39)	596 (46.31)	400 (31.08)	
chronic_cardiac_disease	==1	3137 (19.6)	2931 (93.43)	1430 (45.58)	2431 (77.49)	1470 (46.86)	976 (31.11)	

diabcat	==1	12359 (77.2)	11537 (93.35)	5517 (44.64)	9596 (77.64)	5736 (46.41)	3899 (31.55)	
diabcat	==2	407 (2.5)	376 (92.38)	192 (47.17)	312 (76.66)	203 (49.88)	118 (28.99)	
diabcat	==3	81 (0.5)	74 (91.36)	39 (48.15)	66 (81.48)	31 (38.27)	27 (33.33)	
diabcat	==4	2605 (16.3)	2408 (92.44)	1154 (44.30)	2027 (77.81)	1256 (48.21)	797 (30.60)	
diabcat	==5	545 (3.4)	505 (92.66)	243 (44.59)	413 (75.78)	243 (44.59)	179 (32.84)	
diabcat	==6	10 (0.1)	9 (90.00)	8 (80.00)	6 (60.00)	3 (30.00)	6 (60.00)	

cancer_haem_cat	==2	55 (0.3)	54 (98.18)	25 (45.45)	41 (74.55)	28 (50.91)	16 (29.09)	
cancer_haem_cat	==3	231 (1.4)	218 (94.37)	99 (42.86)	173 (74.89)	108 (46.75)	74 (32.03)	
cancer_haem_cat	==4	2805 (17.5)	2620 (93.40)	1326 (47.27)	2186 (77.93)	1321 (47.09)	882 (31.44)	

cancer_exhaem_cat	==2	61 (0.4)	56 (91.80)	18 (29.51)	42 (68.85)	32 (52.46)	17 (27.87)	
cancer_exhaem_cat	==3	266 (1.7)	240 (90.23)	110 (41.35)	220 (82.71)	128 (48.12)	76 (28.57)	
cancer_exhaem_cat	==4	2742 (17.1)	2573 (93.84)	1238 (45.15)	2142 (78.12)	1272 (46.39)	892 (32.53)	

reduced_kidney_function_cat	==2	65 (0.4)	60 (92.31)	37 (56.92)	49 (75.38)	25 (38.46)	20 (30.77)	
reduced_kidney_function_cat	==3	0 (0.0)	0 (   .)	0 (   .)	0 (   .)	0 (   .)	0 (   .)	
esrd	==1	5826 (36.4)	5411 (92.88)	2594 (44.52)	4499 (77.22)	2693 (46.22)	1850 (31.75)	
chronic_liver_disease	==1	3195 (20.0)	2969 (92.93)	1433 (44.85)	2483 (77.72)	1484 (46.45)	970 (30.36)	
stroke_dementia	==1	3175 (19.8)	2959 (93.20)	1385 (43.62)	2467 (77.70)	1489 (46.90)	1001 (31.53)	
other_neuro	==1	3190 (19.9)	2960 (92.79)	1425 (44.67)	2474 (77.55)	1447 (45.36)	1035 (32.45)	
other_transplant	==1	3176 (19.8)	2946 (92.76)	1408 (44.33)	2465 (77.61)	1470 (46.28)	999 (31.45)	
asplenia	==1	3193 (19.9)	2986 (93.52)	1426 (44.66)	2451 (76.76)	1477 (46.26)	990 (31.01)	
ra_sle_psoriasis	==1	3150 (19.7)	2914 (92.51)	1427 (45.30)	2397 (76.10)	1483 (47.08)	999 (31.71)	
other_immuno	==1	3192 (19.9)	2961 (92.76)	1427 (44.71)	2518 (78.88)	1450 (45.43)	993 (31.11)	
shield	==1	13503 (84.4)	12554 (92.97)	6055 (44.84)	10456 (77.43)	6291 (46.59)	4230 (31.33)	
